import torch
import numpy as np
import matplotlib.pyplot as plt
import seaborn as sns

# 1. Hardcoded tensor (copied exactly from your output)
P_culr = torch.tensor([[ 7.5000e-01, -1.2500e-01, -1.2500e-01, -1.2500e-01, -1.2500e-01,
         -1.2500e-01, -1.2500e-01,  1.2500e-01,  1.2500e-01,  1.2500e-01,
          1.2500e-01,  1.2500e-01,  1.2500e-01, -1.1581e-07, -2.0644e-07,
          2.2045e-07, -8.3251e-08,  3.2930e-08,  9.7831e-08, -9.6819e-08,
          6.3590e-08, -3.3107e-08, -7.3695e-08,  7.4477e-09, -3.0899e-07,
         -1.2833e-07,  2.0692e-07,  5.3449e-08],
        [-1.2500e-01,  7.5000e-01, -1.2500e-01, -1.2500e-01, -1.2500e-01,
         -1.2500e-01, -1.2500e-01, -1.2500e-01, -2.5639e-07,  1.2048e-08,
         -4.2612e-09, -2.2299e-07,  6.2583e-08,  1.2500e-01,  1.2500e-01,
          1.2500e-01,  1.2500e-01,  1.2500e-01, -3.4367e-07,  2.6379e-07,
         -8.5566e-08, -1.1089e-07, -2.0511e-07, -2.5159e-07,  4.4193e-08,
          1.5787e-07,  8.5322e-08, -1.4703e-07],
        [-1.2500e-01, -1.2500e-01,  7.5000e-01, -1.2500e-01, -1.2500e-01,
         -1.2500e-01, -1.2500e-01, -1.0255e-07, -1.2500e-01, -4.2243e-08,
         -1.1232e-07,  1.8001e-07, -1.6769e-07, -1.2500e-01,  4.3318e-07,
         -3.6966e-08, -2.7209e-07, -1.0940e-07,  1.2500e-01,  1.2500e-01,
          1.2500e-01,  1.2500e-01,  6.1962e-10, -1.5650e-07, -1.6242e-07,
         -1.2732e-07,  1.7821e-07,  1.6044e-07],
        [-1.2500e-01, -1.2500e-01, -1.2500e-01,  7.5000e-01, -1.2500e-01,
         -1.2500e-01, -1.2500e-01, -8.9714e-08,  6.8910e-08, -1.2500e-01,
         -2.3921e-07,  3.8092e-08, -7.2326e-08,  3.1987e-07, -1.2500e-01,
         -1.8491e-07, -1.8764e-07, -2.0834e-07, -1.2500e-01,  9.4072e-08,
         -1.0942e-07, -7.5001e-08,  1.2500e-01,  1.2500e-01,  1.2500e-01,
          4.9223e-08,  1.8317e-07,  1.7263e-07],
        [-1.2500e-01, -1.2500e-01, -1.2500e-01, -1.2500e-01,  7.5000e-01,
         -1.2500e-01, -1.2500e-01,  3.2432e-07,  1.6566e-07, -3.2357e-07,
         -1.2500e-01, -4.7099e-08,  1.9576e-07,  2.5473e-07,  2.8944e-07,
         -1.2500e-01,  7.7996e-08, -3.4574e-07,  2.8529e-07, -1.2500e-01,
         -4.0646e-08,  8.6615e-08, -1.2500e-01,  2.2876e-07,  1.0416e-07,
          1.2500e-01,  1.2500e-01,  2.7352e-08],
        [-1.2500e-01, -1.2500e-01, -1.2500e-01, -1.2500e-01, -1.2500e-01,
          7.5000e-01, -1.2500e-01, -2.0097e-07, -5.5927e-08,  5.0637e-08,
          4.6220e-07, -1.2500e-01,  6.1201e-08, -2.8646e-07, -3.8901e-07,
         -2.7062e-07, -1.2500e-01,  1.3024e-07,  1.4859e-07, -3.3064e-07,
         -1.2500e-01,  2.0706e-07,  4.9211e-08, -1.2500e-01,  1.9493e-07,
         -1.2500e-01, -7.1113e-08,  1.2500e-01],
        [-1.2500e-01, -1.2500e-01, -1.2500e-01, -1.2500e-01, -1.2500e-01,
         -1.2500e-01,  7.5000e-01, -2.4634e-07, -1.0675e-07,  1.8626e-07,
          1.1949e-07,  1.0829e-07, -1.2500e-01, -7.2455e-08, -1.2964e-07,
          1.0749e-07,  1.0442e-08, -1.2500e-01,  2.3676e-08, -1.4689e-07,
          4.7085e-08, -1.2500e-01, -2.2809e-07,  3.4560e-07, -1.2500e-01,
          1.4603e-07, -1.2500e-01, -1.2500e-01],
        [ 1.2500e-01, -1.2500e-01, -1.0255e-07, -8.9714e-08,  3.2432e-07,
         -2.0097e-07, -2.4634e-07,  7.5000e-01, -1.2500e-01, -1.2500e-01,
         -1.2500e-01, -1.2500e-01, -1.2500e-01,  1.2500e-01,  1.2500e-01,
          1.2500e-01,  1.2500e-01,  1.2500e-01,  4.5084e-08,  5.7456e-09,
         -1.0412e-07,  1.3282e-07, -2.2641e-07,  1.4790e-07,  3.5999e-07,
          1.1213e-07,  1.1410e-07,  2.3790e-07],
        [ 1.2500e-01, -2.5639e-07, -1.2500e-01,  6.8910e-08,  1.6566e-07,
         -5.5927e-08, -1.0675e-07, -1.2500e-01,  7.5000e-01, -1.2500e-01,
         -1.2500e-01, -1.2500e-01, -1.2500e-01, -1.2500e-01, -2.4722e-08,
         -1.0120e-07,  5.4635e-09,  2.5898e-07,  1.2500e-01,  1.2500e-01,
          1.2500e-01,  1.2500e-01, -5.1159e-07, -5.0109e-08, -1.5381e-07,
         -3.3248e-07, -1.5724e-08, -2.1442e-07],
        [ 1.2500e-01,  1.2048e-08, -4.2243e-08, -1.2500e-01, -3.2357e-07,
          5.0637e-08,  1.8626e-07, -1.2500e-01, -1.2500e-01,  7.5000e-01,
         -1.2500e-01, -1.2500e-01, -1.2500e-01,  4.1015e-07, -1.2500e-01,
         -1.1008e-07, -1.4811e-07, -3.1149e-07, -1.2500e-01,  7.7699e-08,
          1.2217e-07,  2.3031e-07,  1.2500e-01,  1.2500e-01,  1.2500e-01,
         -1.3708e-07,  1.3889e-08, -2.6038e-08],
        [ 1.2500e-01, -4.2612e-09, -1.1232e-07, -2.3921e-07, -1.2500e-01,
          4.6220e-07,  1.1949e-07, -1.2500e-01, -1.2500e-01, -1.2500e-01,
          7.5000e-01, -1.2500e-01, -1.2500e-01,  1.3591e-07,  6.3124e-08,
         -1.2500e-01,  3.5649e-08,  2.1732e-07, -4.3406e-08, -1.2500e-01,
         -3.1163e-08,  4.3083e-08, -1.2500e-01, -3.4292e-07, -2.6743e-07,
          1.2500e-01,  1.2500e-01,  4.8117e-08],
        [ 1.2500e-01, -2.2299e-07,  1.8001e-07,  3.8092e-08, -4.7099e-08,
         -1.2500e-01,  1.0829e-07, -1.2500e-01, -1.2500e-01, -1.2500e-01,
         -1.2500e-01,  7.5000e-01, -1.2500e-01, -3.2853e-07, -2.2444e-07,
          3.6602e-07, -1.2500e-01, -3.4690e-09,  2.8001e-07, -2.7435e-07,
         -1.2500e-01, -4.1303e-07,  1.7399e-07, -1.2500e-01, -1.7298e-08,
         -1.2500e-01,  9.2416e-08,  1.2500e-01],
        [ 1.2500e-01,  6.2583e-08, -1.6769e-07, -7.2326e-08,  1.9576e-07,
          6.1201e-08, -1.2500e-01, -1.2500e-01, -1.2500e-01, -1.2500e-01,
         -1.2500e-01, -1.2500e-01,  7.5000e-01,  4.2284e-08,  1.2466e-08,
         -2.2175e-07, -1.1079e-07, -1.2500e-01,  1.0656e-07, -2.4878e-07,
          1.1567e-08, -1.2500e-01,  6.3419e-08, -8.4057e-08, -1.2500e-01,
         -1.1120e-07, -1.2500e-01, -1.2500e-01],
        [-1.1581e-07,  1.2500e-01, -1.2500e-01,  3.1987e-07,  2.5473e-07,
         -2.8646e-07, -7.2455e-08,  1.2500e-01, -1.2500e-01,  4.1015e-07,
          1.3591e-07, -3.2853e-07,  4.2284e-08,  7.5000e-01, -1.2500e-01,
         -1.2500e-01, -1.2500e-01, -1.2500e-01,  1.2500e-01,  1.2500e-01,
          1.2500e-01,  1.2500e-01,  1.6412e-07,  1.2831e-07,  3.4680e-07,
          3.3877e-07, -1.2298e-07, -1.4923e-08],
        [-2.0644e-07,  1.2500e-01,  4.3318e-07, -1.2500e-01,  2.8944e-07,
         -3.8901e-07, -1.2964e-07,  1.2500e-01, -2.4722e-08, -1.2500e-01,
          6.3124e-08, -2.2444e-07,  1.2466e-08, -1.2500e-01,  7.5000e-01,
         -1.2500e-01, -1.2500e-01, -1.2500e-01, -1.2500e-01, -1.4646e-07,
          4.2414e-08, -1.0223e-07,  1.2500e-01,  1.2500e-01,  1.2500e-01,
          2.1057e-07, -5.8549e-09, -1.7506e-07],
        [ 2.2045e-07,  1.2500e-01, -3.6966e-08, -1.8491e-07, -1.2500e-01,
         -2.7062e-07,  1.0749e-07,  1.2500e-01, -1.0120e-07, -1.1008e-07,
         -1.2500e-01,  3.6602e-07, -2.2175e-07, -1.2500e-01, -1.2500e-01,
          7.5000e-01, -1.2500e-01, -1.2500e-01, -7.7728e-08, -1.2500e-01,
         -9.2086e-08, -6.7967e-08, -1.2500e-01, -4.1470e-07, -9.7520e-08,
          1.2500e-01,  1.2500e-01,  1.1434e-07],
        [-8.3251e-08,  1.2500e-01, -2.7209e-07, -1.8764e-07,  7.7996e-08,
         -1.2500e-01,  1.0442e-08,  1.2500e-01,  5.4635e-09, -1.4811e-07,
          3.5649e-08, -1.2500e-01, -1.1079e-07, -1.2500e-01, -1.2500e-01,
         -1.2500e-01,  7.5000e-01, -1.2500e-01, -1.4760e-07, -2.5858e-07,
         -1.2500e-01,  2.6794e-07, -1.3512e-07, -1.2500e-01,  1.3162e-08,
         -1.2500e-01, -8.6498e-08,  1.2500e-01],
        [ 3.2930e-08,  1.2500e-01, -1.0940e-07, -2.0834e-07, -3.4574e-07,
          1.3024e-07, -1.2500e-01,  1.2500e-01,  2.5898e-07, -3.1149e-07,
          2.1732e-07, -3.4690e-09, -1.2500e-01, -1.2500e-01, -1.2500e-01,
         -1.2500e-01, -1.2500e-01,  7.5000e-01, -5.8756e-08,  4.3727e-07,
          2.6082e-08, -1.2500e-01, -2.5817e-07, -6.4715e-09, -1.2500e-01,
          4.7790e-09, -1.2500e-01, -1.2500e-01],
        [ 9.7831e-08, -3.4367e-07,  1.2500e-01, -1.2500e-01,  2.8529e-07,
          1.4859e-07,  2.3676e-08,  4.5084e-08,  1.2500e-01, -1.2500e-01,
         -4.3406e-08,  2.8001e-07,  1.0656e-07,  1.2500e-01, -1.2500e-01,
         -7.7728e-08, -1.4760e-07, -5.8756e-08,  7.5000e-01, -1.2500e-01,
         -1.2500e-01, -1.2500e-01,  1.2500e-01,  1.2500e-01,  1.2500e-01,
         -4.0639e-07,  1.0968e-07, -2.0030e-07],
        [-9.6819e-08,  2.6379e-07,  1.2500e-01,  9.4072e-08, -1.2500e-01,
         -3.3064e-07, -1.4689e-07,  5.7456e-09,  1.2500e-01,  7.7699e-08,
         -1.2500e-01, -2.7435e-07, -2.4878e-07,  1.2500e-01, -1.4646e-07,
         -1.2500e-01, -2.5858e-07,  4.3727e-07, -1.2500e-01,  7.5000e-01,
         -1.2500e-01, -1.2500e-01, -1.2500e-01,  3.5638e-07, -7.6459e-08,
          1.2500e-01,  1.2500e-01,  2.6767e-07],
        [ 6.3590e-08, -8.5566e-08,  1.2500e-01, -1.0942e-07, -4.0646e-08,
         -1.2500e-01,  4.7085e-08, -1.0412e-07,  1.2500e-01,  1.2217e-07,
         -3.1163e-08, -1.2500e-01,  1.1567e-08,  1.2500e-01,  4.2414e-08,
         -9.2086e-08, -1.2500e-01,  2.6082e-08, -1.2500e-01, -1.2500e-01,
          7.5000e-01, -1.2500e-01,  9.8426e-08, -1.2500e-01, -8.9780e-08,
         -1.2500e-01, -1.3134e-07,  1.2500e-01],
        [-3.3107e-08, -1.1089e-07,  1.2500e-01, -7.5001e-08,  8.6615e-08,
          2.0706e-07, -1.2500e-01,  1.3282e-07,  1.2500e-01,  2.3031e-07,
          4.3083e-08, -4.1303e-07, -1.2500e-01,  1.2500e-01, -1.0223e-07,
         -6.7967e-08,  2.6794e-07, -1.2500e-01, -1.2500e-01, -1.2500e-01,
         -1.2500e-01,  7.5000e-01, -2.6168e-08, -6.7025e-08, -1.2500e-01,
         -3.5612e-07, -1.2500e-01, -1.2500e-01],
        [-7.3695e-08, -2.0511e-07,  6.1962e-10,  1.2500e-01, -1.2500e-01,
          4.9211e-08, -2.2809e-07, -2.2641e-07, -5.1159e-07,  1.2500e-01,
         -1.2500e-01,  1.7399e-07,  6.3419e-08,  1.6412e-07,  1.2500e-01,
         -1.2500e-01, -1.3512e-07, -2.5817e-07,  1.2500e-01, -1.2500e-01,
          9.8426e-08, -2.6168e-08,  7.5000e-01, -1.2500e-01, -1.2500e-01,
          1.2500e-01,  1.2500e-01,  9.2511e-08],
        [ 7.4477e-09, -2.5159e-07, -1.5650e-07,  1.2500e-01,  2.2876e-07,
         -1.2500e-01,  3.4560e-07,  1.4790e-07, -5.0109e-08,  1.2500e-01,
         -3.4292e-07, -1.2500e-01, -8.4057e-08,  1.2831e-07,  1.2500e-01,
         -4.1470e-07, -1.2500e-01, -6.4715e-09,  1.2500e-01,  3.5638e-07,
         -1.2500e-01, -6.7025e-08, -1.2500e-01,  7.5000e-01, -1.2500e-01,
         -1.2500e-01,  2.5797e-07,  1.2500e-01],
        [-3.0899e-07,  4.4193e-08, -1.6242e-07,  1.2500e-01,  1.0416e-07,
          1.9493e-07, -1.2500e-01,  3.5999e-07, -1.5381e-07,  1.2500e-01,
         -2.6743e-07, -1.7298e-08, -1.2500e-01,  3.4680e-07,  1.2500e-01,
         -9.7520e-08,  1.3162e-08, -1.2500e-01,  1.2500e-01, -7.6459e-08,
         -8.9780e-08, -1.2500e-01, -1.2500e-01, -1.2500e-01,  7.5000e-01,
          1.8761e-07, -1.2500e-01, -1.2500e-01],
        [-1.2833e-07,  1.5787e-07, -1.2732e-07,  4.9223e-08,  1.2500e-01,
         -1.2500e-01,  1.4603e-07,  1.1213e-07, -3.3248e-07, -1.3708e-07,
          1.2500e-01, -1.2500e-01, -1.1120e-07,  3.3877e-07,  2.1057e-07,
          1.2500e-01, -1.2500e-01,  4.7790e-09, -4.0639e-07,  1.2500e-01,
         -1.2500e-01, -3.5612e-07,  1.2500e-01, -1.2500e-01,  1.8761e-07,
          7.5000e-01, -1.2500e-01,  1.2500e-01],
        [ 2.0692e-07,  8.5322e-08,  1.7821e-07,  1.8317e-07,  1.2500e-01,
         -7.1113e-08, -1.2500e-01,  1.1410e-07, -1.5724e-08,  1.3889e-08,
          1.2500e-01,  9.2416e-08, -1.2500e-01, -1.2298e-07, -5.8549e-09,
          1.2500e-01, -8.6498e-08, -1.2500e-01,  1.0968e-07,  1.2500e-01,
         -1.3134e-07, -1.2500e-01,  1.2500e-01,  2.5797e-07, -1.2500e-01,
         -1.2500e-01,  7.5000e-01, -1.2500e-01],
        [ 5.3449e-08, -1.4703e-07,  1.6044e-07,  1.7263e-07,  2.7352e-08,
          1.2500e-01, -1.2500e-01,  2.3790e-07, -2.1442e-07, -2.6038e-08,
          4.8117e-08,  1.2500e-01, -1.2500e-01, -1.4923e-08, -1.7506e-07,
          1.1434e-07,  1.2500e-01, -1.2500e-01, -2.0030e-07,  2.6767e-07,
          1.2500e-01, -1.2500e-01,  9.2511e-08,  1.2500e-01, -1.2500e-01,
          1.2500e-01, -1.2500e-01,  7.5000e-01]])

# 2. Convert to a NumPy array for visualization
# Note: Since device='cuda:0' was removed, .cpu() is not strictly necessary,
# but it's safe to keep if you add it back later.
matrix_np = P_culr.cpu().numpy()

# 3. Set up the matplotlib figure
plt.figure(figsize=(24, 20)) 

# 4. Create the heatmap
ax = sns.heatmap(matrix_np, 
                 annot=True, 
                 fmt=".2f", 
                 cmap="coolwarm", 
                 cbar=True, 
                 square=True,
                 annot_kws={"size": 8})

# 5. Add titles and labels
plt.title("Matrix Visualization (P_culr)", fontsize=20, pad=20)
plt.xlabel("Columns", fontsize=14)
plt.ylabel("Rows", fontsize=14)

# 6. Save the plot as a high-resolution image and notify the user
plt.tight_layout()
plt.savefig("matrix_visualization.png", dpi=300)
print("Plot successfully saved as 'matrix_visualization.png'!")

# 7. Display the plot (useful if running in an IDE or notebook)
plt.show()